28
37
257
359
231
58
81
26
134
487
400
234
18
359
284
215
238
339
416
312
192
447
271
408
327
240
311
223
97
342
440
360
189
227
480
156
432
228
247
198
197
107
236
493
356
399
481
213
479
123
393
269
331
232
172
71
245
140
175
264
363
353
113
279
93
383
297
324
59
140
262
199
248
223
118
227
178
257
343
63
360
384
495
212
469
59
279
251
226
429
399
425
383
452
27
252
4
11
429
169
487
368
476
327
151
343
474
95
187
392
392
253
76
216
117
333
342
291
99
284
454
346
478
429
382
173
67
135
499
48
36
227
4
118
42
155
316
173
166
126
374
385
44
37
13
278
444
212
286
78
409
488
192
248
490
319
145
136
311
373
227
248
394
253
151
365
379
301
471
493
415
188
24
253
488
337
459
64
21
155
278
109
87
483
482
306
264
399
113
418
371
291
358
312
130
389
261
48
217
113